500
0
1
2
3
4
5
6
7
8
9
10
561
1105
1729
294409
56052361
118901521
172947529
216821881
228842209
1299963601
2301745249
9624742921
11346205609
13079177569
21515221081
27278026129
65700513721
71171308081
100264053529
168003672409
172018713961
173032371289
464052305161
527519713969
663805468801
727993807201
856666552249
1042789205881
1201586232601
1396066334401
1544001719761
1797002211241
1920595706641
2028691238689
2655343122121
2718557844481
2724933935809
2920883888089
3091175755489
3267961077889
3296857440241
3414146271409
3711619793521
3719466204049
3878725359169
4287981117241
4507445537641
6323547512449
7622722964881
8544361005001
8681793690961
9332984447209
11004252611041
11413778221441
11765530852489
13633039686169
14470947115561
14685655594249
14882678745409
15181505298649
17167430884969
18483957064801
20742413217121
21873528379441
22027380041449
24285059687809
24977268314209
25825129162489
30833142247729
33614369156161
35700127755121
37686301288201
39782913594409
48336382727569
53269464581929
57060521336809
58774132848169
62303597046289
67858397221969
70895483772049
73103085605161
77833567590769
81159260227849
81466208375329
86483161466209
91968282854641
95682503446921
98445661027561
105950928237841
112374872517529
118895125737961
118974229155289
122570307044209
127393969917241
129140929242289
137243534644009
168011973623089
177548395641481
184455452572849
192410140250521
195809339861929
201375886537729
221568419989801
224093003069449
225301895806609
233141908767121
251703127095769
262815637149001
280790932830409
312790579286329
318705390188641
351025246957321
381144706349401
382177291511809
387194417159761
390854788519609
413847154073161
415848433183849
428549255564041
439801455648601
440937387145009
457240489374169
482944146230449
501291932351689
510637565929609
548962252005961
566692953864841
572536569523969
601192212565969
621214363151929
629346067180561
657623122439329
667316922191641
683938014196609
701865606427129
726693182050249
742403294138881
779475417411169
787536877909321
795934611306001
806090432846689
839110734385129
847577589374881
883519506462529
913671191480401
920153949774049
921392227198801
937277770955329
938531360353681
938844932257009
952711345022401
959377262271049
1004612946644089
1061085945064681
1146654351705601
1161408537694369
1174103262876529
1205317701684289
1238966116844329
1253739456971641
1288666276813009
1339280649331561
1343656902505249
1349240453427961
1410449244539689
1429041795997609
1498183378245721
1687660433615521
1713289208592601
1746281192537521
1753405565279761
1870541589252529
1882982959757929
1905516221350249
1912563054372961
2031356908867969
2057172011015041
2070426828700441
2075744656861201
2078939720299609
2173577642709409
2187327342530809
2242345598524081
2362089119838841
2379535602228721
2408803612382521
2489624653085209
2516759613761329
2779587596043649
2860540798515121
2887649314391089
2906926685502841
3046337392794049
3328900397368921
3380206940558641
3410501308487209
3614533077626929
3680409480386689
3715607011189609
3817748810243161
3931514590793329
4025130566676841
4046687647375969
4113499616300449
4133685643384321
4192938532940041
4193789079219769
4201449172372801
4344412864058569
4361853161460889
4374089100540001
4498600676392369
4507519919839129
4556786561545609
4683809578129849
4720530528099289
4761144691247881
4849627431956401
4925930867128009
5039476248963601
5195855080197289
5219439659316361
5263852900238281
5439977476422409
5464294563597481
5531539974208849
5607589831886521
5690586528027001
5886710601977089
5992912792233361
6178246534322281
6179347884811609
6245668701955369
6294604390808761
6401131330281481
6441811333734169
6987629665782361
7066828790843329
7206253022807569
7235579644752241
7284633973278481
7871253109884721
7943953907064529
8126339234833441
8146186349228281
8366641458300721
8570474936952121
8709571271920249
8742843679524121
8876780691970969
9017745727994569
9203220800836849
9411619439928241
9427666858561729
9685425749709529
9698807445305761
9788333868576721
9894983109816169
10122839733221569
10138153312004329
10478971179371449
10555906290714721
10699783088092489
10723623830510329
10897931091179161
11157200671005721
11198079276585121
11329561583301601
11445449444156521
11563797396433969
11639227434197689
12029885538166369
12038473772973649
12133214278838929
12200694240531241
12218037003198001
12488955217764481
12525965420412529
12837231302405329
12988452966017761
13371692604180121
13584720828810961
14179793373439201
14198963801159161
14227751827497601
14529457281147409
14666212790585929
14674053203612281
14853178330197049
14861085229801801
14930390332280161
15021804274836409
15272094696243409
16703863920965449
16757353669309849
16875432811573129
17154555468567481
17287608624623569
17485170180047209
17617710556858969
14859072116802020
4035294759372190
16648070388569945
11201543277116097
16943019216701520
15134173617421424
11513980653894725
13654682744854095
8130655951815107
7872755028373259
8245295325887244
3701250528483759
3902012070759702
7490501800278477
3283469195278383
3996028322464311
2426225890612650
16766052254588487
8324590361197578
408825569646945
14600804729668870
15608450781387337
11982054285625995
14896456348717753
1651828927147547
2225941548192985
6808379765300545
8589814430851031
14501499855958934
14439046476077953
2813809528002360
16377826567313816
16629084627642760
6959095531560383
12859775137537222
12958648830818782
7052939360177703
4011910874568564
10671518673282008
7483342381810270
1554890232848183
9984120412297013
5333382222975138
15154747528564251
13289505167286021
6336660068250931
7304003852966773
8291011748915985
13897801121251894
11870649127542597
10158970755893061
11046149868374419
1374478377234481
12946084481441185
13769427411091718
15938579922526776
62185212116898
5914564860199335
821555007141079
8044204914770857
12517866840562640
8531468660620891
8970308678361002
17892301214464248
15031227700546680
3405845516845498
16098360240656771
14061981613996893
7763886854129775
8652514322079990
6034038089052154
1757860198043309
7573371402597387
13631491500836950
1871700059849786
16279564932506092
16152034218564971
17133910814041060
7882044397543183
12931393402707669
11998306315074714
7555120209201543
8833008945988235
16458464885126796
449832880245519
7203289115841018
8299360191317448
1521447527674039
3919015788459994
6184614845404656
11980035551879304
1659052724886939
1529920836936321
7190227441709372
1920750225755252
16745684291022820
16558587604451901
14191867675552031
10611788414220416
2859346979703829
9782268376675074
13492806537832021
1317159612023308
17216911459115246
10664090087283230
16099994105402015
7070068182113692
2923782843214759
17645276160386892
4490807972514919
17507203450519666
2607785009820594
2514511415785553
4420484219418382
6811769565807927
15712598153312633
2469312834217904
12437299560949834
15968109968095630
17155820951554703
8560043865062040
3342189564249351
15018603711094026
11613053398872784
142285680552552
7868900810963838
5167528545679889
3786948160248290
1506876442345366
7825469564213751
9058733819714996
2853549534071814
5489432670937637
6929744580824887
4944316690786337
8137217352236433
7704312878804204
5785848715924993
16738991608898436
1307801060923536
16656662523666884
606362563123536
10691624664355237
5710693990953457
13799782180855327
2565975381621185
4655719682409445
11593542924052662
2254033849018824
1296855901052924
6495189468562457
4751292737376823
9599092522772858
16347568815771466
12999186846081288
4396823335080424
2001481481329106
13924666546555960
11621252122531967
5958830018290752
9017823202696693
6413265424022124
2446315301363132
14561133180621851
7698432048723031
5254587491167160
5294720255706029
5645412365258871
15247365513106132
5911329452436187
10802943025026423
3878387003321546
10343203489928904
16816614259174356
16355376775382562
15575263986308829
12222632814089410
15200511520101266
17020320474411178
7558467571926356
4085171696323898
17426946306757830
2266453077437428
7384985402191562
12204112973586009
12953908091420703
11804393190981986
6883802676417878
16545476391456679
